6437.86
9450.62
10195.5
13345.5
14563.8
16510.3
16556.5
18103.7
18429.2
14772.2
19784.7
20582.4
21496
21538.8
23153.6
23195.8
23973.2
24568.2
24532.3
21435.5
26044.7
25630.8
26259.1
27607.2
28000
28218.1
29292.4
30264.7
32275.2
32115.6
32932.9
32347.3
33481
33705.5
33472.5
34546
34693.5
26398.6
16372.1
27021
32708.1
33468.4
36324.6
36197.5
38059.3
39092.5
39464.3
37121.8
37948.8
40417.5
39338.1
40637.4
40532.4
41200.3
42129.2
42845.4
42659.6
41772.3
44192.8
38718.7
41814.3
43400.8
44682.2
46236
45226.6
46201.5
42197.4
46224.5
47128.6
45768.3
45565.9
47744.9
47682
49460.6
49377
46670.4
48899.1
49180.7
49064.3
48899
48771.5
49614
49525.1
51886
50208
54316.3
50333.4
50383.2
52089.6
49504.2
52836.5
51841.5
49335.7
51342.5
52956.9
55178.7
54028.3
55315.8
56842.7
52722.9
55834.4
54530.2
54781.5
58457.3
55642.4
57536.3
57936.1
57831.4
55921.7
58165.5
57856.8
59170.9
40522.7
51930.3
55523.1
58726.6
61015.8
59716.5
58492.4
60412.6
60674.5
60662.2
59561.2
60728.5
61144.8
61481.5
60969.2
60734.3
53762.7
59442
61470.6
58508.1
55293.6
59113.5
64216
61478.3
62348.6
63554.3
58254.7
63544.8
63409.2
65755.7
64733.1
63208.3
58275.8
63864.2
53520
51849.1
64117.1
64426.4
60310.3
57886.7
63410.2
66108.9
65352.3
68429.1
68650.6
67432.8
66183.2
67484.4
57024.2
66671.9
67568.7
67272.1
70751.5
69240.5
67987.5
67839.4
69749.6
69344.9
67636.1
70257
70108.4
70638
69077.9
68648
65965.3
68116.6
67581.8
71188.4
67561.3
69865.6
70152
71231.8
71212.7
72524.3
67253
69284.8
72798.5
73309.5
73596.7
71098.4
72405.8
21186.4
15805.8
22994.3
27674.1
33712
38819
43293.8
46540.4
48428.8
52661
54053.9
56806
57849.6
60499.5
61928.4
62386.1
64035.5
64851.3
63790.1
66567.3
65876.1
68446.4
67548.5
67442.5
68604.6
67414.4
67702.2
68811.2
69839.9
68598.5
69722.9
70545.9
69595.8
68549.9
59897.7
70332.3
69993.6
71409.5
73235.8
73526.1
69295.5
69876.2
71435.2
70245.2
71600
70880.6
72991
73174.8
73435.6
74065.4
71122.3
74750.6
75355.1
76287.3
74689.6
76383.7
77541.9
75794.8
75767.5
70632.8
74439.1
72369.2
76548.7
76078.1
72986.5
75995.8
71407
74666.1
77296.9
70477
74786.1
76019.9
79298.4
75999.2
76436.1
77781.9
76947.1
80168.7
80316.8
77807.8
77751.2
80017.6
78192.9
80555.9
77573.2
81480
76148.9
80791.6
79047.9
80021.4
78307.9
78701.7
78896.2
79602.4
79013
82618.2
76104.2
81173.5
79243.4
79497.1
80470.9
79782.3
80237
81174.5
78994.2
81310.7
80721.5
73384.9
80344.4
79545.4
83545.7
84213.8
78149
78813.2
82021.4
76351.2
78296.7
81034.1
82136.7
81027.9
80309.2
69253.8
79225.7
81644.7
79343.2
82929.3
81213.1
82103.4
80173.2
84524.8
82937.1
84388.8
85772.4
83884.6
82838.8
85450.3
80923.9
85497.8
85076.1
83935.8
84166.7
86133.9
84308.9
68700.7
76074.2
81395.1
84455.8
85448.7
89949.1
86046.4
86994
85879.1
87346.8
84067.5
83922.9
86565.5
88003.3
80026.8
81593.2
85009.6
54225.6
67693.9
80078.6
86240
85398.7
89834.8
87533.2
81136.5
85204.5
86092.4
87753
85070.4
86292.5
89607.6
85150.8
87240.1
82662.3
85636.3
82052.9
87345.3
88080
90073.9
86841.7
83663.1
86738.8
80310
87996.3
90360.4
86928.3
86979.7
78889.4
91543.9
84942.4
83429.3
88943.3
89566.7
90007.7
89819
83890.2
88924.3
90471.2
89365.1
87110.5
89164.9
87463.8
89968.7
89598.4
40082.7
62398.6
78535.5
85879.7
86710.8
87798.6
89599
89982
83605.4
89227.9
90917.9
87776.7
89590.6
89983.3
89446.2
89608
92777.1
89993.6
91644.3
86158.5
77515.1
92650.6
90528.1
89999.1
91077.8
89627.2
92037.3
89398.3
94350.8
87100.9
84460.3
91452.9
89830.7
90784.1
91562.8
93262.7
90926.2
91756
90271.3
92191.7
25997.8
36727.3
57560.7
73523.4
83706.1
83901.3
85360.6
90037.3
87334.9
91756.9
91869.1
93881.3
90959.6
95060
93174.2
91963.7
92033.2
96434.2
93446
79550.6
89434.7
92865
96163
94706.6
90457.6
92483.6
56417.2
59111.8
84338.1
89902.3
89891.9
88357.4
94320.1
90637.5
92412.4
87789.8
92831.2
95834.5
80934.7
94256.7
89258.6
91533.7
90573.1
91937.5
93625.7
86801.1
96169
91969.7
92901.3
79865.6
86363.1
96318.4
91230.5
92780.9
92828.6
91525.6
93550.2
63367
49064.4
81089.7
